      AEWM1 = 1.325070D+02
      MDL_GF = 1.166390D-05
      AS = 1.300000D-01
      MDL_LAMWS = 2.253000D-01
      MDL_AWS = 8.080000D-01
      MDL_RHOWS = 1.320000D-01
      MDL_ETAWS = 3.410000D-01
      MDL_YMC = 1.270000D+00
      MDL_YMB = 4.200000D+00
      MDL_YMT = 1.645000D+02
      MDL_YME = 5.110000D-04
      MDL_YMM = 1.056600D-01
      MDL_YMTAU = 1.777000D+00
      MDL_MZ = 9.118800D+01
      MDL_MC = 1.270000D+00
      MDL_MT = 1.720000D+02
      MDL_MB = 4.700000D+00
      MDL_MH = 1.250000D+02
      MDL_ME = 5.110000D-04
      MDL_MM = 1.056600D-01
      MDL_MTA = 1.777000D+00
      MDL_WZ = 2.441404D+00
      MDL_WW = 2.047600D+00
      MDL_WT = 1.508336D+00
      MDL_WH = 6.382339D-03
      MDL_WTAU = 2.270000D-12
